00000
00001
00000
00000
00001
00001
00010
00011
00011
00011
01000
00011
00100
00100
01001
01110
01101
01000
00111
00010
00001
00010
00010
00010
00001
00001
00001
00010
00011
00011
00011
00011
01000
01001
01110
01001
01000
00111
00110
00001
00000
00000
00000
00000
00000
00000
00001
00010
00011
00011
00011
00100
00100
01001
01000
01001
01000
01101
10010
01101
10010
01101
01110
01101
01110
01110
10011
10010
01101
01100
00111
01100
10001
01100
10001
10110
10111
11000
10011
10010
10011
10011
10011
10011
10010
10011
01110
01110
01001
01000
00011
00011
00011
00011
00011
00100
00100
00100
00100
01001
01001
01001
01001
01001
01110
01001
00100
00100
00011
00100
00011
00011
00011
00010
00011
00100
00100
01001
01001
00100
01001
01001
01001
00100
00100
00100
00100
00100
01001
00100
00100
00100
00100
00100
00100
00100
00011
00100
00100
00100
00100
00100
00100
00100
00100
01001
01110
01001
00100
00100
00011
00011
00011
00010
00010
00011
00011
00100
01001
01001
01110
01001
01110
01110
01001
01001
00100
00100
00100
00011
01000
00111
00010
00011
00010
00011
00011
00010
00011
00011
00011
01000
01001
01000
01001
01110
01001
01110
01110
01001
01001
01110
01001
01001
01001
01001
01001
01000
00111
01000
01001
00100
00100
00100
00100
00100
01001
01000
00111
01000
01001
01001
01001
00100
00100
01001
01000
01101
01100
00111
00010
00011
00100
00100
00100
00011
00011
00100
00100
00100
00011
01000
00011
01000
01101
01000
01001
01110
01110
01001
01000
00011
00010
00011
00100
01001
01001
01001
00100
00100
00100
00100
01001
01110
01101
01100
10001
10010
10011
11000
11000
10011
10011
01110
01001
01000
01001
01001
01110
10011
01110
01101
01100
01101
01110
01110
01110
01101
01000
01001
00100
01001
00100
00011
00100
00011
00011
01000
01101
01000
01101
01000
00011
00100
00011
00100
00011
00011
00100
00100
