00000000000000000000000000000000
00000000000000000000000000000000
00000000000000000000000000000000
00000000000000000000000000000000
11000010110010000000000000000000
00000000000000000000000000000000
11000010110010000000000000000000
11000010110010000000000000000000
00000000000000000000000000000000
00000000000000000000000000000000
00000000000000000000000000000000
00000000000000000000000000000000
00000000000000000000000000000000
11000010110010000000000000000000
00000000000000000000000000000000
00000000000000000000000000000000
11000010110010000000000000000000
00000000000000000000000000000000
11000010110010000000000000000000
11000010110010000000000000000000
00000000000000000000000000000000
11000010110010000000000000000000
00000000000000000000000000000000
00000000000000000000000000000000
01000010010010000000000000000000